#ID USER ENTITLEMENT
0 1696 957
1 1564 862
2 1445 8
3 1572 862
4 1319 743
5 652 360
6 94 70
7 833 481
8 1070 629
9 1503 815
10 175 109
11 73 69
12 143 93
13 1885 1101
14 236 12
15 1478 8
16 1481 802
17 1894 1110
18 495 257
19 1108 646
20 830 481
21 1830 1095
22 2017 7
23 228 126
24 815 475
25 1682 940
26 1215 704
27 894 4
28 2035 1161
29 1327 743
30 1411 775
31 1485 807
32 1305 715
33 1080 636
34 329 37
35 247 12
36 1163 665
37 671 373
38 789 436
39 1120 644
40 494 257
41 1404 775
42 421 218
43 2037 1161
44 373 195
45 505 257
46 1601 808
47 1554 842
48 898 524
49 997 602
50 291 12
51 1555 842
52 477 235
53 396 213
54 1384 775
55 1072 629
56 1869 1103
57 1227 704
58 1568 865
59 1333 23
60 1462 802
61 1987 1139
62 473 235
63 271 162
64 1542 842
65 1872 1103
66 650 360
67 387 203
68 1657 909
69 165 101
70 691 356
71 1889 1109
72 363 6
73 1269 714
74 782 437
75 527 6
76 339 185
77 96 5
78 1673 937
79 151 100
80 725 405
81 1015 25
82 971 573
83 1411 776
84 1789 972
85 1460 802
86 1306 715
87 1928 1102
88 996 600
89 1590 875
90 301 173
91 1802 1035
92 927 545
93 1849 4
94 78 70
95 1489 5
96 1999 1141
97 1490 4
98 49 51
99 583 329
100 28 42
101 826 480
102 1249 77
103 1 4
104 1128 644
105 106 84
106 385 203
107 1226 704
108 431 7
109 607 334
110 220 5
111 45 51
112 158 12
113 1805 1050
114 1702 957
115 1602 883
116 2018 1158
117 1294 733
118 944 555
119 318 179
120 1408 776
121 508 5
122 412 37
123 1584 7
124 1177 666
125 1447 793
126 1222 704
127 1189 703
128 1916 1117
129 544 321
130 1230 704
131 401 213
132 1863 1103
133 632 349
134 1581 861
135 252 150
136 1203 707
137 1158 665
138 416 218
139 848 5
140 1944 6
141 897 527
142 1959 1139
143 1350 7
144 1212 9
145 895 41
146 250 150
147 910 5
148 839 482
149 10 31
150 1528 842
151 584 329
152 406 213
153 825 480
154 2026 1158
155 630 349
156 444 224
157 581 329
158 539 321
159 1204 707
160 1197 705
161 1013 7
162 1214 704
163 1767 974
164 1453 793
165 1035 620
166 1962 1139
167 1365 775
168 1708 966
169 440 224
170 1972 1139
171 41 48
172 501 257
173 1931 1102
174 848 4
175 1406 776
176 1613 882
177 468 235
178 315 41
179 1076 636
180 2027 1158
181 866 510
182 809 441
183 873 7
184 1494 807
185 1362 776
186 799 438
187 205 5
188 965 573
189 678 384
190 808 438
191 145 5
192 1080 635
193 929 545
194 875 37
195 1277 712
196 806 438
197 391 12
198 1346 747
199 966 573
200 1370 776
201 1400 775
202 1293 733
203 1208 707
204 1314 715
205 917 530
206 1102 642
207 1023 618
208 1717 967
209 1930 1102
210 970 573
211 255 153
212 1994 1141
213 1424 784
214 911 5
215 298 173
216 1595 878
217 1925 1102
218 1234 9
219 426 218
220 1942 1127
221 879 515
222 1924 1102
223 1812 1050
224 1169 667
225 524 237
226 1920 1102
227 175 108
228 1884 1101
229 729 372
230 713 356
231 323 183
232 72 26
233 974 573
234 1119 644
235 1441 7
236 1825 1097
237 329 5
238 321 183
239 677 385
240 229 139
241 1505 39
242 336 12
243 342 185
244 1563 846
245 1191 704
246 1562 856
247 1978 1108
248 1186 6
249 530 289
250 1318 743
251 1157 663
252 667 373
253 1734 931
254 567 321
255 349 191
256 98 72
257 1110 644
258 1713 966
259 393 205
260 298 170
261 18 36
262 564 321
263 1877 1106
264 837 481
265 1993 1141
266 1937 1102
267 1918 1102
268 1822 294
269 317 182
270 1263 713
271 849 26
272 1879 1107
273 1741 981
274 1790 23
275 707 390
276 489 240
277 694 388
278 1647 909
279 1502 807
280 1631 893
281 532 289
282 1002 548
283 26 43
284 116 84
285 1947 1140
286 1715 967
287 1694 953
288 942 555
289 1269 713
290 872 510
291 1471 802
292 110 84
293 503 257
294 1330 743
295 1605 882
296 1610 882
297 352 191
298 34 7
299 1660 909
300 1694 952
301 1629 886
302 1176 666
303 215 123
304 983 577
305 531 321
306 1749 981
307 1856 1100
308 207 123
309 1901 6
310 262 38
311 730 411
312 911 6
313 1170 667
314 1979 1139
315 1026 618
316 101 84
317 313 12
318 845 491
319 1271 714
320 468 232
321 578 328
322 1206 707
323 87 69
324 1876 259
325 1187 24
326 682 382
327 1543 842
328 608 334
329 1232 704
330 1236 704
331 337 185
332 449 7
333 842 487
334 75 69
335 515 281
336 250 153
337 1039 618
338 1706 966
339 1579 862
340 174 108
341 1597 6
342 100 85
343 1399 776
344 488 257
345 560 321
346 1943 6
347 56 57
348 1552 842
349 1201 8
350 1859 1103
351 280 12
352 1983 1139
353 1960 1139
354 924 514
355 593 329
356 955 68
357 1005 602
358 842 483
359 703 390
360 1544 842
361 1598 39
362 417 218
363 1127 644
364 548 321
365 731 411
366 427 218
367 1622 886
368 920 538
369 1175 666
370 835 4
371 499 277
372 368 194
373 42 53
374 552 321
375 434 225
376 657 356
377 94 69
378 1801 1035
379 1704 966
380 2 1
381 498 277
382 383 203
383 925 541
384 534 321
385 1373 775
386 853 502
387 1848 1092
388 978 573
389 554 321
390 1097 643
391 932 6
392 817 479
393 506 257
394 1152 663
395 21 42
396 1252 708
397 1340 747
398 807 441
399 738 417
400 1241 704
401 986 598
402 940 553
403 654 363
404 1839 1092
405 1892 1110
406 876 41
407 550 321
408 1837 1092
409 369 12
410 847 498
411 1497 807
412 624 278
413 1880 1107
414 133 93
415 1654 910
416 160 99
417 327 183
418 1947 1125
419 1814 1053
420 546 237
421 1224 704
422 390 206
423 1550 842
424 662 364
425 528 310
426 689 385
427 784 437
428 1712 956
429 735 356
430 1103 642
431 370 204
432 1196 704
433 1795 1035
434 257 153
435 225 12
436 868 513
437 746 356
438 122 4
439 684 385
440 131 93
441 1410 776
442 736 417
443 533 291
444 549 321
445 1549 842
446 1766 25
447 781 23
448 1015 6
449 1192 700
450 1073 7
451 1970 1139
452 869 510
453 718 398
454 934 533
455 1015 611
456 1574 863
457 644 360
458 594 7
459 1345 9
460 1380 775
461 407 213
462 1835 1092
463 1492 807
464 1431 785
465 400 214
466 1337 747
467 933 5
468 1711 23
469 1658 909
470 1943 7
471 1956 1109
472 1714 967
473 1909 25
474 963 573
475 1779 986
476 1063 629
477 775 428
478 1301 9
479 22 42
480 1989 1108
481 1910 1116
482 375 203
483 308 173
484 1484 807
485 820 480
486 1712 955
487 1516 818
488 862 511
489 1688 25
490 1771 986
491 515 282
492 1298 725
493 1566 846
494 577 330
495 790 436
496 1132 644
497 37 37
498 995 598
499 1722 4
500 1513 818
501 145 6
502 921 538
503 1776 986
504 1229 704
505 1292 25
506 901 524
507 1539 842
508 82 70
509 916 530
510 1438 787
511 487 256
512 1153 664
513 365 6
514 756 421
515 2037 1160
516 320 181
517 1820 5
518 476 235
519 1724 473
520 1366 775
521 2001 1141
522 519 286
523 1495 807
524 1225 704
525 1935 1102
526 1853 1105
527 8 31
528 1532 842
529 765 428
530 1395 775
531 1636 907
532 651 360
533 333 185
534 1339 744
535 1053 621
536 672 376
537 268 162
538 1988 1139
539 377 203
540 1335 744
541 32 42
542 747 417
543 1209 704
544 798 23
545 1449 793
546 1681 940
547 38 40
548 1518 818
549 316 183
550 210 124
551 359 191
552 1765 4
553 294 173
554 1940 1102
555 523 286
556 621 341
557 998 602
558 0 2
559 1274 713
560 1054 622
561 328 183
562 1665 937
563 759 422
564 779 8
565 1870 1103
566 724 356
567 1654 909
568 1867 972
569 1570 862
570 386 203
571 1765 5
572 822 480
573 297 173
574 1628 886
575 1278 712
576 1697 957
577 371 202
578 1165 0
579 643 360
580 1255 708
581 402 12
582 1893 1110
583 461 230
584 1385 775
585 511 286
586 1953 1139
587 1686 6
588 536 321
589 224 1
590 147 12
591 68 5
592 1388 775
593 1096 642
594 1279 8
595 1122 644
596 136 12
597 518 286
598 530 322
599 92 70
600 982 573
601 1567 809
602 607 335
603 83 69
604 1773 986
605 1507 818
606 742 418
607 818 480
608 1360 775
609 1583 5
610 962 566
611 172 108
612 706 390
613 1020 605
614 1033 618
615 1581 862
616 452 229
617 892 520
618 400 213
619 1086 635
620 597 24
621 66 51
622 1104 642
623 1586 875
624 1183 674
625 2016 1144
626 1734 973
627 320 179
628 840 481
629 1974 1139
630 1847 1095
631 1650 910
632 913 514
633 1661 910
634 1386 776
635 1501 811
636 925 544
637 529 322
638 571 321
639 1882 1101
640 1711 294
641 702 356
642 861 510
643 1596 6
644 1787 1018
645 1800 972
646 1917 1102
647 1288 6
648 606 334
649 1786 1018
650 623 349
651 1838 1095
652 1091 641
653 1379 9
654 50 52
655 162 5
656 1199 705
657 211 123
658 1356 9
659 895 26
660 1619 886
661 802 356
662 640 353
663 1028 618
664 1135 644
665 1124 644
666 448 7
667 463 230
668 947 561
669 459 230
670 98 85
671 1403 775
672 1380 776
673 1650 909
674 108 84
675 1092 7
676 77 60
677 878 517
678 619 341
679 1220 704
680 1233 704
681 814 444
682 414 218
683 479 235
684 958 574
685 1242 704
686 1621 886
687 712 394
688 628 349
689 915 539
690 1489 0
691 1767 973
692 728 5
693 1795 1031
694 824 7
695 1258 714
696 481 235
697 1221 704
698 122 7
699 178 109
700 1763 981
701 229 141
702 447 12
703 2002 1141
704 376 203
705 1756 931
706 535 278
707 237 140
708 1723 950
709 585 329
710 1443 24
711 985 6
712 1612 808
713 1265 712
714 1588 875
715 361 191
716 1699 957
717 1545 808
718 1164 665
719 1723 259
720 881 517
721 1630 886
722 925 542
723 144 98
724 1432 786
725 1493 807
726 955 66
727 1750 981
728 731 384
729 486 256
730 266 162
731 1905 1092
732 1666 938
733 1133 644
734 1819 1091
735 1821 5
736 1029 618
737 517 286
738 1152 660
739 1551 842
740 1358 748
741 753 421
742 210 125
743 2039 1159
744 816 477
745 809 438
746 1343 747
747 1739 7
748 620 339
749 300 173
750 1152 664
751 1693 952
752 248 26
753 9 31
754 1788 1004
755 446 11
756 293 170
757 948 562
758 1572 861
759 1297 721
760 272 162
761 729 409
762 41 52
763 1348 747
764 1311 715
765 857 509
766 1405 776
767 144 4
768 243 149
769 423 218
770 1841 1092
771 1558 4
772 318 184
773 1955 1139
774 597 37
775 299 170
776 2030 5
777 1939 1102
778 933 6
779 248 39
780 1891 1101
781 1560 6
782 326 183
783 1078 635
784 555 321
785 1839 1095
786 1967 1109
787 55 54
788 47 12
789 780 356
790 1056 629
791 1653 910
792 1098 641
793 547 321
794 1916 1116
795 2009 1144
796 1534 808
797 360 191
798 1665 895
799 1745 972
800 1984 1139
801 245 4
802 871 510
803 1294 736
804 186 121
805 859 510
806 959 574
807 673 379
808 916 539
809 1631 894
810 3 12
811 1210 704
812 1042 618
813 1922 1109
814 99 72
815 723 405
816 176 109
817 1897 1110
818 1397 776
819 776 428
820 529 289
821 1031 618
822 991 578
823 527 7
824 354 191
825 551 321
826 767 428
827 1973 1139
828 814 448
829 980 573
830 622 341
831 1767 931
832 956 209
833 1165 7
834 904 527
835 1455 4
836 1088 635
837 2028 1158
838 900 526
839 1205 707
840 1833 1095
841 1202 704
842 329 6
843 1427 785
844 1639 918
845 659 373
846 1627 886
847 1008 602
848 1910 1102
849 124 94
850 1383 775
851 1674 939
852 615 38
853 1659 909
854 728 408
855 1514 818
856 1767 972
857 936 556
858 1059 623
859 1771 987
860 1547 842
861 212 123
862 1505 40
863 1389 776
864 141 93
865 384 203
866 906 527
867 1742 982
868 1041 618
869 389 203
870 332 185
871 1396 775
872 263 162
873 1488 804
874 878 522
875 1643 900
876 194 121
877 1237 704
878 1748 981
879 1707 966
880 1382 775
881 1597 7
882 1462 798
883 1855 1103
884 418 218
885 196 121
886 287 178
887 256 153
888 1641 910
889 1260 715
890 191 12
891 905 527
892 1664 910
893 1721 966
894 705 390
895 1686 5
896 1353 751
897 181 109
898 87 70
899 395 216
900 1446 794
901 851 501
902 276 162
903 692 385
904 433 225
905 113 9
906 1290 10
907 286 25
908 1064 629
909 625 349
910 132 93
911 1914 1124
912 1653 930
913 858 41
914 14 13
915 953 6
916 1665 5
917 1760 981
918 1151 660
919 1006 602
920 2023 1158
921 373 194
922 1292 26
923 112 84
924 1759 981
925 794 437
926 1347 747
927 1287 5
928 1826 1096
929 615 4
930 918 531
931 951 558
932 960 573
933 1243 709
934 1435 785
935 1803 1031
936 69 12
937 1439 790
938 636 4
939 124 86
940 1159 663
941 331 185
942 710 6
943 478 235
944 1507 815
945 1262 715
946 631 349
947 609 335
948 1130 644
949 1337 744
950 1455 799
951 828 481
952 1499 807
953 1190 8
954 275 162
955 1313 715
956 220 4
957 1050 623
958 1060 623
959 1004 602
960 1982 1139
961 52 6
962 5 28
963 537 321
964 1603 879
965 1334 9
966 1944 5
967 33 42
968 1466 802
969 398 213
970 881 520
971 798 7
972 1027 618
973 454 231
974 605 335
975 74 69
976 1720 966
977 1671 940
978 1754 981
979 1528 844
980 1328 743
981 2042 1159
982 1068 546
983 1785 1012
984 1908 4
985 126 93
986 240 143
987 1589 808
988 1506 818
989 1498 807
990 1338 747
991 343 185
992 1387 776
993 152 97
994 883 523
995 1111 645
996 557 189
997 1957 1139
998 941 557
999 1463 798
1000 985 7
1001 851 498
1002 1084 635
1003 1329 743
1004 1556 808
1005 831 481
1006 59 51
1007 582 325
1008 1326 743
1009 1832 1092
1010 781 25
1011 841 481
1012 148 100
1013 1505 24
1014 744 418
1015 192 121
1016 902 498
1017 602 278
1018 1941 1102
1019 164 39
1020 1922 1108
1021 823 480
1022 353 191
1023 1047 618
1024 719 4
1025 1651 909
1026 1836 1095
1027 783 437
1028 681 381
1029 1111 646
1030 57 57
1031 788 437
1032 588 329
1033 1757 981
1034 409 213
1035 1614 882
1036 1701 957
1037 1851 1101
1038 358 12
1039 243 138
1040 1396 776
1041 1213 704
1042 615 344
1043 598 331
1044 1372 775
1045 1246 40
1046 173 108
1047 316 184
1048 1437 785
1049 891 498
1050 540 321
1051 1452 793
1052 1369 776
1053 1636 7
1054 286 66
1055 1572 863
1056 1074 5
1057 1655 909
1058 874 7
1059 1733 969
1060 836 481
1061 296 173
1062 863 504
1063 1291 7
1064 653 360
1065 173 109
1066 1357 776
1067 502 279
1068 983 579
1069 2030 4
1070 715 6
1071 969 573
1072 1454 796
1073 617 350
1074 592 329
1075 27 42
1076 1819 1084
1077 1172 667
1078 74 58
1079 237 139
1080 1604 879
1081 512 287
1082 1711 40
1083 1068 620
1084 1398 775
1085 617 341
1086 1165 497
1087 2031 7
1088 1447 795
1089 1860 1103
1090 1964 1139
1091 1030 618
1092 1301 1
1093 1479 802
1094 1668 895
1095 307 170
1096 1906 6
1097 844 485
1098 20 40
1099 943 555
1100 954 6
1101 202 12
1102 1868 1103
1103 1761 981
1104 1727 969
1105 214 123
1106 786 432
1107 1423 8
1108 857 506
1109 819 480
1110 666 373
1111 4 5
1112 880 517
1113 103 72
1114 1289 6
1115 2033 12
1116 1537 842
1117 221 136
1118 976 573
1119 1710 966
1120 1764 984
1121 1536 842
1122 1407 776
1123 642 355
1124 893 5
1125 1751 981
1126 293 173
1127 464 4
1128 1113 9
1129 1874 5
1130 260 153
1131 1310 715
1132 1097 642
1133 1564 846
1134 163 41
1135 720 256
1136 1846 1092
1137 208 123
1138 1316 7
1139 604 335
1140 745 418
1141 867 510
1142 189 121
1143 835 7
1144 18 35
1145 557 2
1146 1477 802
1147 565 321
1148 1932 1102
1149 613 278
1150 324 12
1151 1774 986
1152 1604 882
1153 570 321
1154 860 503
1155 1936 1102
1156 792 437
1157 164 105
1158 1463 800
1159 199 120
1160 1298 724
1161 249 150
1162 739 417
1163 1448 795
1164 913 502
1165 1600 5
1166 1153 663
1167 99 85
1168 1886 1101
1169 1827 1092
1170 2025 1158
1171 722 402
1172 397 213
1173 284 41
1174 96 7
1175 1546 842
1176 1558 7
1177 1730 971
1178 758 421
1179 1090 619
1180 1968 1139
1181 49 52
1182 1862 1103
1183 938 556
1184 693 385
1185 1817 1069
1186 1834 972
1187 1400 776
1188 1755 981
1189 1433 785
1190 364 5
1191 218 123
1192 1253 714
1193 1374 775
1194 362 195
1195 805 441
1196 975 573
1197 64 51
1198 451 230
1199 563 321
1200 1282 712
1201 704 390
1202 633 349
1203 600 336
1204 1430 786
1205 1155 663
1206 1505 38
1207 1110 645
1208 292 170
1209 1574 861
1210 510 287
1211 1690 958
1212 1838 1092
1213 1878 972
1214 1076 635
1215 679 386
1216 922 538
1217 1611 882
1218 341 185
1219 601 331
1220 1501 813
1221 1134 644
1222 365 7
1223 1357 748
1224 603 331
1225 538 321
1226 71 66
1227 1261 713
1228 226 25
1229 1089 635
1230 1643 903
1231 1 6
1232 227 141
1233 1548 842
1234 770 428
1235 1747 981
1236 372 203
1237 1234 8
1238 1895 1110
1239 1531 824
1240 281 162
1241 429 218
1242 248 25
1243 639 353
1244 1649 910
1245 1689 955
1246 84 70
1247 781 4
1248 1429 785
1249 1663 909
1250 773 428
1251 903 527
1252 1467 9
1253 1459 798
1254 669 356
1255 1252 712
1256 1517 818
1257 1728 969
1258 800 441
1259 292 171
1260 1711 37
1261 1927 1102
1262 130 93
1263 1324 743
1264 1446 793
1265 1623 890
1266 687 385
1267 1444 509
1268 231 127
1269 2000 6
1270 1034 618
1271 159 99
1272 732 25
1273 1802 1031
1274 203 120
1275 1075 39
1276 1461 802
1277 300 170
1278 217 123
1279 1425 786
1280 17 32
1281 1934 1108
1282 797 5
1283 1112 626
1284 1929 1102
1285 1850 5
1286 1038 618
1287 1150 664
1288 139 93
1289 1784 37
1290 529 321
1291 195 121
1292 1115 653
1293 177 108
1294 1728 971
1295 382 203
1296 288 178
1297 1791 37
1298 955 25
1299 102 12
1300 546 239
1301 994 598
1302 1079 546
1303 1933 1
1304 1016 603
1305 1149 25
1306 367 200
1307 1900 1109
1308 1219 704
1309 712 4
1310 184 7
1311 641 353
1312 466 26
1313 1121 644
1314 1243 7
1315 784 436
1316 761 421
1317 896 524
1318 938 552
1319 1001 8
1320 619 338
1321 23 42
1322 1753 981
1323 1642 902
1324 1571 861
1325 1050 624
1326 1162 663
1327 1947 1128
1328 1019 618
1329 295 170
1330 1724 25
1331 454 230
1332 1523 808
1333 1065 629
1334 1559 5
1335 1772 984
1336 1083 635
1337 1491 807
1338 2041 1159
1339 1188 703
1340 371 194
1341 410 213
1342 1527 824
1343 1733 971
1344 700 390
1345 84 69
1346 509 284
1347 1809 1050
1348 561 321
1349 709 390
1350 1147 658
1351 1819 1038
1352 1320 739
1353 355 191
1354 1909 38
1355 1167 6
1356 453 231
1357 1849 6
1358 1858 1103
1359 1410 775
1360 227 138
1361 1976 1139
1362 764 24
1363 70 6
1364 988 577
1365 273 162
1366 1488 805
1367 611 6
1368 1966 1139
1369 309 170
1370 171 109
1371 26 42
1372 824 4
1373 1315 715
1374 1958 1139
1375 1645 905
1376 472 232
1377 483 5
1378 283 162
1379 1395 776
1380 1489 6
1381 452 231
1382 1217 704
1383 586 329
1384 1900 1108
1385 1422 784
1386 299 173
1387 1912 1113
1388 678 386
1389 1116 655
1390 2005 1144
1391 610 334
1392 1849 5
1393 1216 704
1394 772 428
1395 442 224
1396 1293 715
1397 1092 5
1398 1289 7
1399 1386 775
1400 880 520
1401 1515 818
1402 308 170
1403 615 347
1404 890 8
1405 274 162
1406 109 84
1407 1198 705
1408 228 138
1409 1653 909
1410 843 489
1411 117 84
1412 528 41
1413 1656 5
1414 1398 776
1415 1784 992
1416 852 502
1417 589 329
1418 1223 8
1419 973 573
1420 315 23
1421 1272 719
1422 286 6
1423 785 436
1424 420 218
1425 1024 5
1426 319 179
1427 129 87
1428 1671 941
1429 58 12
1430 1489 188
1431 1253 715
1432 795 437
1433 1636 912
1434 91 12
1435 1077 636
1436 710 4
1437 661 374
1438 437 225
1439 865 510
1440 637 24
1441 1512 38
1442 76 69
1443 1336 744
1444 246 6
1445 1419 780
1446 292 173
1447 933 7
1448 1971 1139
1449 1781 6
1450 120 84
1451 1818 1075
1452 1272 715
1453 201 120
1454 29 42
1455 1394 775
1456 1744 981
1457 1848 1095
1458 1341 747
1459 1342 747
1460 999 602
1461 42 52
1462 553 321
1463 947 559
1464 1368 776
1465 1609 882
1466 154 99
1467 757 356
1468 1778 932
1469 1025 618
1470 253 152
1471 1617 886
1472 1412 9
1473 73 70
1474 949 558
1475 1052 626
1476 403 213
1477 186 111
1478 889 520
1479 1021 618
1480 264 162
1481 206 123
1482 1434 9
1483 1592 875
1484 197 120
1485 1383 776
1486 240 149
1487 737 417
1488 1401 8
1489 43 50
1490 1578 808
1491 1288 4
1492 1906 1115
1493 1687 7
1494 750 419
1495 1368 775
1496 1541 842
1497 1062 629
1498 1674 936
1499 1295 733
1500 1969 1139
1501 556 321
1502 97 38
1503 1553 842
1504 804 438
1505 487 240
1506 568 321
1507 1003 602
1508 1775 986
1509 216 123
1510 351 193
1511 17 33
1512 695 5
1513 1145 644
1514 847 0
1515 1483 38
1516 490 257
1517 749 23
1518 93 69
1519 1880 1101
1520 1961 1139
1521 1811 973
1522 1107 642
1523 1181 674
1524 40 53
1525 1798 1036
1526 717 399
1527 1260 719
1528 1684 940
1529 1223 9
1530 1257 712
1531 700 391
1532 1605 879
1533 126 94
1534 1167 7
1535 752 420
1536 580 278
1537 909 527
1538 282 162
1539 862 510
1540 1249 78
1541 1737 976
1542 83 70
1543 166 110
1544 1943 5
1545 1060 624
1546 1364 776
1547 1648 910
1548 1831 1092
1549 68 4
1550 958 564
1551 316 182
1552 156 99
1553 180 12
1554 1061 629
1555 621 342
1556 574 5
1557 612 7
1558 958 573
1559 1458 40
1560 1441 4
1561 659 374
1562 967 573
1563 520 286
1564 1800 973
1565 620 340
1566 1074 4
1567 1777 986
1568 1420 38
1569 1899 7
1570 619 349
1571 626 349
1572 1679 940
1573 1109 647
1574 532 322
1575 907 527
1576 1815 1054
1577 1267 649
1578 1071 629
1579 1294 724
1580 1014 7
1581 576 5
1582 1672 934
1583 344 185
1584 334 185
1585 748 5
1586 174 109
1587 939 556
1588 1465 802
1589 1813 1050
1590 1098 640
1591 681 384
1592 430 221
1593 1921 1102
1594 879 502
1595 2 10
1596 698 390
1597 128 86
1598 1316 5
1599 1228 704
1600 289 178
1601 11 31
1602 1417 776
1603 1772 983
1604 526 7
1605 1566 861
1606 863 503
1607 844 490
1608 1640 909
1609 57 54
1610 1095 642
1611 1566 864
1612 1350 4
1613 246 5
1614 1136 658
1615 1076 631
1616 860 511
1617 557 188
1618 1289 735
1619 56 51
1620 1266 715
1621 1080 631
1622 1271 719
1623 1500 807
1624 924 502
1625 1742 977
1626 699 387
1627 677 386
1628 805 438
1629 1563 864
1630 1312 1
1631 1190 9
1632 1085 635
1633 15 32
1634 1673 941
1635 1266 713
1636 363 4
1637 875 26
1638 315 39
1639 254 153
1640 1100 642
1641 1867 973
1642 781 5
1643 1192 704
1644 1919 1102
1645 755 421
1646 1046 546
1647 114 12
1648 1447 794
1649 1253 713
1650 394 37
1651 1191 700
1652 458 12
1653 1525 821
1654 1184 40
1655 330 185
1656 1741 982
1657 155 99
1658 1524 5
1659 2008 1144
1660 986 577
1661 1468 802
1662 1426 786
1663 1308 715
1664 1254 710
1665 1178 670
1666 1166 4
1667 1764 985
1668 462 230
1669 146 5
1670 1687 4
1671 915 538
1672 1015 37
1673 1746 977
1674 424 12
1675 645 360
1676 1946 38
1677 1143 644
1678 577 328
1679 1883 1101
1680 726 4
1681 238 143
1682 185 41
1683 936 555
1684 566 321
1685 714 395
1686 261 153
1687 716 396
1688 600 335
1689 947 560
1690 190 111
1691 104 76
1692 1685 940
1693 246 4
1694 347 12
1695 1793 1032
1696 877 520
1697 2015 1144
1698 1582 861
1699 1688 24
1700 1665 893
1701 507 7
1702 200 120
1703 1648 909
1704 1902 81
1705 863 505
1706 1719 966
1707 113 10
1708 1050 6
1709 1304 715
1710 1711 7
1711 521 286
1712 1268 10
1713 142 93
1714 1639 910
1715 579 328
1716 1138 644
1717 670 373
1718 660 372
1719 322 183
1720 1593 875
1721 171 108
1722 1686 953
1723 543 321
1724 859 511
1725 1374 776
1726 1169 666
1727 1364 775
1728 95 76
1729 1344 747
1730 930 548
1731 1675 938
1732 821 480
1733 690 385
1734 1703 26
1735 697 391
1736 1316 741
1737 1345 8
1738 1309 715
1739 161 7
1740 953 565
1741 985 4
1742 639 360
1743 748 23
1744 727 407
1745 964 573
1746 1428 786
1747 269 12
1748 408 213
1749 485 256
1750 325 183
1751 1633 5
1752 622 352
1753 1522 4
1754 1792 38
1755 60 55
1756 485 240
1757 935 514
1758 123 90
1759 1443 25
1760 522 286
1761 1801 1031
1762 1738 5
1763 1803 1035
1764 1785 1017
1765 31 42
1766 484 40
1767 103 76
1768 1354 775
1769 1620 886
1770 179 108
1771 636 7
1772 35 4
1773 1991 1141
1774 172 109
1775 717 398
1776 162 7
1777 578 329
1778 516 286
1779 664 373
1780 1321 739
1781 1392 775
1782 1695 957
1783 696 40
1784 1420 26
1785 766 428
1786 152 98
1787 1947 1139
1788 507 281
1789 1141 644
1790 660 374
1791 803 438
1792 150 99
1793 668 8
1794 1303 738
1795 1963 1139
1796 957 572
1797 1037 618
1798 1307 715
1799 1832 1095
1800 1290 9
1801 972 573
1802 1413 776
1803 1109 645
1804 1579 863
1805 1094 643
1806 778 38
1807 1149 41
1808 1840 1092
1809 1527 842
1810 226 132
1811 959 564
1812 1887 1101
1813 1570 863
1814 1291 737
1815 1014 4
1816 769 428
1817 574 7
1818 1182 674
1819 569 278
1820 1069 629
1821 1354 751
1822 2003 1141
1823 1184 64
1824 1171 667
1825 577 323
1826 795 436
1827 1716 967
1828 1144 644
1829 1109 644
1830 1700 956
1831 1906 1114
1832 213 12
1833 419 218
1834 803 441
1835 1082 635
1836 380 12
1837 535 279
1838 1095 643
1839 105 84
1840 760 421
1841 1799 1031
1842 121 4
1843 1415 775
1844 338 185
1845 1245 9
1846 314 4
1847 1878 973
1848 1267 37
1849 854 502
1850 95 7
1851 304 173
1852 1711 38
1853 1981 1139
1854 1043 618
1855 134 93
1856 1705 966
1857 265 162
1858 1267 650
1859 575 7
1860 346 191
1861 1597 5
1862 226 135
1863 81 69
1864 54 6
1865 502 237
1866 1577 863
1867 1011 602
1868 81 70
1869 937 552
1870 1432 785
1871 1934 1109
1872 1059 629
1873 1451 793
1874 1830 1092
1875 1586 876
1876 95 6
1877 193 121
1878 1249 718
1879 850 500
1880 1276 712
1881 807 438
1882 636 5
1883 1458 198
1884 1794 1032
1885 1404 776
1886 572 321
1887 774 428
1888 814 473
1889 1562 5
1890 1280 712
1891 1365 776
1892 466 4
1893 1938 1102
1894 932 5
1895 439 224
1896 510 280
1897 457 230
1898 286 173
1899 993 598
1900 90 70
1901 1725 23
1902 252 154
1903 1980 1139
1904 1351 756
1905 1875 6
1906 187 121
1907 1841 1095
1908 1997 1141
1909 610 335
1910 101 72
1911 893 0
1912 910 0
1913 204 120
1914 1055 630
1915 233 138
1916 1460 803
1917 791 356
1918 1504 4
1919 1231 704
1920 1951 1125
1921 504 257
1922 466 6
1923 2034 792
1924 895 5
1925 1538 842
1926 1389 775
1927 614 4
1928 1725 968
1929 113 11
1930 1907 4
1931 285 7
1932 1066 629
1933 528 304
1934 591 278
1935 1533 842
1936 1506 815
1937 990 575
1938 230 141
1939 1975 1139
1940 804 439
1941 1933 11
1942 1292 37
1943 381 203
1944 1366 776
1945 945 555
1946 1842 1095
1947 1726 509
1948 1643 904
1949 1782 7
1950 1258 713
1951 1369 775
1952 434 221
1953 947 558
1954 34 6
1955 243 139
1956 1458 23
1957 2029 1158
1958 1913 1116
1959 1312 2
1960 43 48
1961 1561 37
1962 0 3
1963 230 126
1964 715 397
1965 393 206
1966 668 9
1967 541 321
1968 1596 4
1969 1910 1124
1970 165 107
1971 700 387
1972 20 5
1973 45 52
1974 161 4
1975 710 392
1976 1729 970
1977 19 35
1978 557 3
1979 277 162
1980 1150 663
1981 443 224
1982 1945 1109
1983 1807 1050
1984 44 51
1985 1564 864
1986 1402 776
1987 1663 910
1988 1014 6
1989 812 441
1990 38 5
1991 1057 619
1992 1824 7
1993 609 334
1994 1318 739
1995 1167 497
1996 223 130
1997 681 386
1998 1052 627
1999 88 69
2000 243 145
2001 832 481
2002 1496 807
2003 1977 1139
2004 1814 1060
2005 573 321
2006 858 23
2007 1355 775
2008 415 218
2009 1180 671
2010 1180 670
2011 238 145
2012 1431 786
2013 1769 987
2014 1825 1095
2015 796 434
2016 912 535
2017 450 6
2018 311 173
2019 2017 40
2020 1154 660
2021 1350 752
2022 1658 910
2023 1359 751
2024 157 99
2025 1796 1035
2026 1332 746
2027 267 162
2028 35 6
2029 1864 1103
2030 65 51
2031 798 40
2032 694 6
2033 405 213
2034 710 107
2035 1639 917
2036 219 6
2037 13 31
2038 1081 632
2039 1270 715
2040 813 356
2041 226 131
2042 981 573
2043 167 108
2044 1528 824
2045 1866 1103
2046 1018 603
2047 278 162
2048 1986 1139
2049 1184 6
2050 1081 633
2051 292 175
2052 870 510
2053 456 230
2054 1588 877
2055 2012 1144
2056 399 213
2057 1827 1097
2058 1434 8
2059 111 84
2060 1273 715
2061 189 111
2062 721 7
2063 2019 1158
2064 787 437
2065 96 6
2066 1525 822
2067 1474 802
2068 1197 704
2069 472 234
2070 1880 1106
2071 1949 1140
2072 1325 743
2073 1501 812
2074 1078 631
2075 1371 775
2076 1450 793
2077 1519 5
2078 1484 804
2079 718 229
2080 74 71
2081 1441 6
2082 1185 702
2083 1945 1108
2084 579 329
2085 578 330
2086 727 406
2087 1186 4
2088 901 529
2089 1296 724
2090 170 101
2091 1877 1107
2092 1363 776
2093 838 481
2094 335 188
2095 829 481
2096 715 396
2097 351 191
2098 1151 663
2099 1563 861
2100 1903 1094
2101 469 5
2102 1785 1006
2103 1193 705
2104 1349 5
2105 1284 712
2106 226 23
2107 1724 26
2108 2031 4
2109 2037 1159
2110 1390 8
2111 1414 775
2112 1577 861
2113 1077 635
2114 1744 977
2115 1193 706
2116 258 12
2117 1577 862
2118 1535 842
2119 977 573
2120 937 556
2121 242 139
2122 232 137
2123 1160 663
2124 1865 1103
2125 1599 37
2126 763 426
2127 532 321
2128 1240 704
2129 923 538
2130 672 377
2131 1462 803
2132 2030 6
2133 61 51
2134 1173 549
2135 487 258
2136 1469 802
2137 1683 940
2138 1656 4
2139 768 356
2140 149 96
2141 1688 39
2142 1739 5
2143 317 179
2144 1834 973
2145 190 113
2146 1950 1139
2147 219 127
2148 317 183
2149 1728 970
2150 15 33
2151 1790 5
2152 234 139
2153 231 126
2154 486 257
2155 1430 785
2156 2 8
2157 919 530
2158 777 428
2159 80 12
2160 1418 7
2161 24 42
2162 1833 1092
2163 1169 549
2164 1299 727
2165 731 410
2166 3 13
2167 1235 704
2168 55 51
2169 140 93
2170 1349 750
2171 474 235
2172 1012 602
2173 464 232
2174 1580 863
2175 908 527
2176 1440 791
2177 1105 642
2178 242 140
2179 1052 25
2180 496 257
2181 90 69
2182 910 7
2183 1093 4
2184 1489 3
2185 1814 1056
2186 39 52
2187 1879 1101
2188 184 25
2189 480 5
2190 1251 715
2191 581 323
2192 1218 704
2193 1476 802
2194 368 203
2195 1846 1095
2196 237 138
2197 1357 775
2198 1946 5
2199 529 320
2200 370 194
2201 1530 824
2202 1796 1034
2203 198 121
2204 224 9
2205 1615 37
2206 755 422
2207 1298 726
2208 483 4
2209 306 173
2210 579 330
2211 432 7
2212 743 418
2213 672 375
2214 861 503
2215 1996 1141
2216 379 203
2217 72 65
2218 696 7
2219 676 25
2220 35 5
2221 1051 5
2222 1263 719
2223 1808 1050
2224 1445 9
2225 2010 1144
2226 1283 712
2227 340 185
2228 63 51
2229 85 70
2230 488 256
2231 1908 6
2232 1770 986
2233 1573 862
2234 1671 937
2235 1156 663
2236 983 7
2237 619 350
2238 1995 1142
2239 127 86
2240 430 5
2241 1729 971
2242 1317 23
2243 1440 790
2244 1247 6
2245 1636 37
2246 1519 7
2247 675 7
2248 303 170
2249 1822 6
2250 934 26
2251 303 173
2252 1731 970
2253 1849 7
2254 1557 842
2255 797 439
2256 1783 4
2257 1644 926
2258 1077 631
2259 2034 509
2260 1292 24
2261 1265 715
2262 1448 794
2263 460 230
2264 834 481
2265 1768 987
2266 1634 905
2267 887 521
2268 1202 705
2269 1058 630
2270 350 191
2271 366 200
2272 1520 826
2273 1665 934
2274 1467 8
2275 2043 1162
2276 357 191
2277 635 356
2278 1331 743
2279 849 38
2280 1287 729
2281 1901 7
2282 1032 618
2283 952 563
2284 513 237
2285 1743 982
2286 469 6
2287 1623 892
2288 121 87
2289 855 505
2290 1483 7
2291 1590 876
2292 1101 619
2293 115 84
2294 990 576
2295 1926 1102
2296 244 137
2297 1792 1026
2298 1766 38
2299 1097 639
2300 778 23
2301 317 184
2302 230 137
2303 1641 917
2304 1091 7
2305 2024 1158
2306 1199 704
2307 1136 656
2308 934 5
2309 25 12
2310 1798 1042
2311 655 7
2312 686 385
2313 239 143
2314 611 339
2315 1286 726
2316 482 241
2317 1881 1106
2318 685 385
2319 79 70
2320 1631 903
2321 2020 1158
2322 741 417
2323 507 282
2324 448 228
2325 1559 7
2326 1117 644
2327 1822 23
2328 30 42
2329 1010 602
2330 1634 906
2331 1245 8
2332 205 37
2333 1094 639
2334 1461 798
2335 1354 776
2336 1569 862
2337 448 5
2338 485 257
2339 1692 957
2340 1161 663
2341 1992 1141
2342 701 388
2343 1172 666
2344 1745 974
2345 1470 802
2346 740 417
2347 205 23
2348 1795 1033
2349 1393 775
2350 1464 802
2351 1909 83
2352 1796 1032
2353 1782 91
2354 441 224
2355 315 4
2356 1427 786
2357 1099 642
2358 363 7
2359 1632 901
2360 1055 629
2361 1115 652
2362 20 7
2363 262 26
2364 25 46
2365 1904 1092
2366 287 170
2367 887 520
2368 491 40
2369 364 82
2370 78 69
2371 1567 810
2372 1148 4
2373 2014 1144
2374 912 6
2375 1639 899
2376 1524 832
2377 1674 937
2378 2022 13
2379 267 164
2380 1040 618
2381 2035 1159
2382 1874 6
2383 1435 786
2384 454 226
2385 1602 879
2386 234 140
2387 85 69
2388 2013 1144
2389 950 558
2390 404 213
2391 658 373
2392 1457 4
2393 1167 534
2394 1275 712
2395 1194 705
2396 1370 775
2397 20 26
2398 753 422
2399 310 173
2400 1265 713
2401 1626 886
2402 68 58
2403 1923 1102
2404 76 71
2405 914 538
2406 1483 26
2407 1087 635
2408 1024 534
2409 649 360
2410 1020 604
2411 1200 705
2412 1948 1128
2413 1804 1050
2414 1211 704
2415 985 583
2416 1738 4
2417 1635 4
2418 509 38
2419 1915 1115
2420 1265 714
2421 1045 618
2422 1898 1110
2423 1562 855
2424 2032 5
2425 1174 666
2426 221 7
2427 1739 6
2428 373 196
2429 449 4
2430 1828 1094
2431 1816 1066
2432 1913 1102
2433 413 12
2434 51 52
2435 20 41
2436 345 24
2437 2038 1161
2438 778 26
2439 1738 6
2440 1168 9
2441 1456 9
2442 1725 6
2443 697 387
2444 582 323
2445 1824 4
2446 771 428
2447 1297 723
2448 1596 880
2449 1826 1093
2450 1829 1092
2451 986 599
2452 450 24
2453 448 6
2454 1267 4
2455 4 7
2456 1267 38
2457 1668 898
2458 1522 7
2459 451 231
2460 248 5
2461 895 6
2462 1540 845
2463 1709 966
2464 1810 1058
2465 605 334
2466 446 1
2467 1576 861
2468 1264 719
2469 125 12
2470 165 109
2471 480 6
2472 1509 818
2473 674 4
2474 1376 776
2475 466 39
2476 984 4
2477 1576 863
2478 1293 724
2479 167 110
2480 135 95
2481 526 291
2482 1624 886
2483 1784 5
2484 491 259
2485 897 528
2486 515 280
2487 1186 7
2488 1769 986
2489 348 191
2490 1752 981
2491 2043 1163
2492 1361 776
2493 1731 969
2494 1788 1005
2495 1002 546
2496 856 5
2497 1442 4
2498 614 5
2499 319 184
2500 492 257
2501 176 108
2502 877 517
2503 1405 775
2504 1052 7
2505 1766 41
2506 1781 5
2507 879 513
2508 1508 818
2509 1358 750
2510 230 138
2511 67 51
2512 103 75
2513 899 527
2514 97 75
2515 1855 1105
2516 1167 25
2517 362 5
2518 82 69
2519 183 6
2520 315 26
2521 1375 775
2522 1571 862
2523 1436 785
2524 1881 1101
2525 599 336
2526 1762 981
2527 788 436
2528 1780 986
2529 1933 9
2530 1256 8
2531 1659 910
2532 1693 958
2533 1075 7
2534 1480 802
2535 480 7
2536 721 5
2537 846 5
2538 793 436
2539 527 4
2540 179 109
2541 513 279
2542 169 12
2543 1457 5
2544 764 23
2545 748 24
2546 937 555
2547 1200 704
2548 850 499
2549 1137 644
2550 545 321
2551 2030 7
2552 618 350
2553 1736 975
2554 1186 5
2555 1002 6
2556 1583 4
2557 1519 823
2558 533 290
2559 899 528
2560 62 51
2561 1669 24
2562 2017 23
2563 1353 775
2564 449 6
2565 146 41
2566 1817 1071
2567 891 514
2568 1529 824
2569 232 139
2570 928 545
2571 594 333
2572 1600 6
2573 799 441
2574 1019 603
2575 38 6
2576 1793 1031
2577 879 514
2578 1261 715
2579 699 390
2580 164 38
2581 388 203
2582 1409 775
2583 616 350
2584 432 6
2585 1645 906
2586 1093 7
2587 2021 1158
2588 1560 850
2589 1718 967
2590 880 521
2591 1824 754
2592 1322 740
2593 1486 804
2594 1036 618
2595 186 120
2596 149 99
2597 86 70
2598 637 358
2599 1406 775
2600 1044 618
2601 345 40
2602 714 394
2603 302 12
2604 436 221
2605 226 136
2606 1946 37
2607 464 5
2608 5 29
2609 721 6
2610 1096 639
2611 1271 712
2612 874 5
2613 135 93
2614 1375 776
2615 1766 24
2616 184 5
2617 934 536
2618 764 40
2619 1668 896
2620 931 550
2621 1000 602
2622 470 232
2623 875 5
2624 988 598
2625 675 6
2626 1756 972
2627 1285 5
2628 252 153
2629 234 137
2630 839 481
2631 1722 473
2632 1616 886
2633 37 4
2634 1106 642
2635 1854 1104
2636 262 157
2637 1420 777
2638 238 142
2639 665 373
2640 229 137
2641 163 23
2642 470 235
2643 811 438
2644 309 173
2645 912 23
2646 12 31
2647 1437 786
2648 1558 6
2649 599 335
2650 616 349
2651 35 7
2652 681 385
2653 243 147
2654 862 503
2655 1525 823
2656 167 109
2657 1722 24
2658 1625 886
2659 42 48
2660 97 77
2661 239 144
2662 1113 8
2663 579 323
2664 488 240
2665 1153 660
2666 2007 1144
2667 1823 973
2668 189 119
2669 137 93
2670 1108 647
2671 1262 719
2672 1015 609
2673 1352 757
2674 627 349
2675 604 334
2676 558 278
2677 319 182
2678 284 65
2679 662 362
2680 542 321
2681 877 521
2682 857 508
2683 1075 23
2684 438 222
2685 856 6
2686 1073 4
2687 1472 802
2688 1007 602
2689 1638 902
2690 1995 1141
2691 659 362
2692 892 521
2693 279 162
2694 1360 776
2695 608 335
2696 590 329
2697 785 437
2698 711 393
2699 1575 862
2700 1050 7
2701 900 524
2702 748 26
2703 1239 704
2704 781 41
2705 314 6
2706 318 183
2707 1876 39
2708 1660 910
2709 452 226
2710 1049 622
2711 467 235
2712 1095 639
2713 137 95
2714 1091 6
2715 1246 713
2716 370 203
2717 1906 5
2718 1594 875
2719 1002 547
2720 196 120
2721 1508 815
2722 1381 776
2723 1818 1051
2724 6 31
2725 70 7
2726 1148 7
2727 77 58
2728 1798 1039
2729 262 37
2730 1743 981
2731 1024 6
2732 284 68
2733 465 5
2734 1558 846
2735 1109 646
2736 886 520
2737 1118 644
2738 1890 1101
2739 1512 37
2740 811 441
2741 779 9
2742 284 175
2743 917 538
2744 910 4
2745 1912 1116
2746 876 24
2747 166 107
2748 53 7
2749 574 324
2750 509 40
2751 145 4
2752 934 535
2753 1373 776
2754 76 58
2755 483 6
2756 1525 820
2757 305 173
2758 1559 6
2759 1785 1007
2760 182 112
2761 197 121
2762 1656 6
2763 243 142
2764 1125 619
2765 617 338
2766 1461 803
2767 1876 264
2768 1455 800
2769 655 5
2770 1591 875
2771 1575 861
2772 1262 712
2773 1081 631
2774 562 321
2775 16 32
2776 864 512
2777 1526 841
2778 603 332
2779 259 153
2780 243 137
2781 1563 863
2782 936 552
2783 1644 904
2784 1075 40
2785 270 162
2786 708 390
2787 1686 954
2788 1248 718
2789 1742 981
2790 251 153
2791 1299 729
2792 392 207
2793 1436 786
2794 251 150
2795 1017 618
2796 240 148
2797 52 56
2798 368 204
2799 1244 39
2800 880 522
2801 756 422
2802 1139 644
2803 1909 1123
2804 249 154
2805 1377 776
2806 431 6
2807 497 257
2808 1243 6
2809 1378 189
2810 1251 719
2811 1301 8
2812 2032 7
2813 946 514
2814 509 24
2815 1727 970
2816 43 49
2817 611 337
2818 1417 775
2819 1879 1106
2820 1371 776
2821 646 356
2822 1854 1105
2823 900 525
2824 1333 40
2825 751 420
2826 1596 881
2827 284 172
2828 955 37
2829 1301 10
2830 960 564
2831 178 108
2832 1165 5
2833 1286 725
2834 289 173
2835 1444 792
2836 948 558
2837 185 6
2838 798 38
2839 312 179
2840 1642 899
2841 1098 639
2842 1911 1108
2843 1607 882
2844 761 422
2845 1615 7
2846 1460 798
2847 1415 776
2848 1009 602
2849 530 320
2850 696 39
2851 577 329
2852 941 552
2853 730 6
2854 1566 862
2855 968 572
2856 1017 603
2857 450 39
2858 1247 41
2859 59 54
2860 163 24
2861 1790 6
2862 1933 10
2863 1661 909
2864 378 203
2865 1286 6
2866 1871 1103
2867 701 389
2868 220 7
2869 1456 8
2870 1835 1095
2871 1949 1128
2872 1079 637
2873 56 54
2874 36 12
2875 351 192
2876 883 517
2877 1046 620
2878 262 161
2879 1056 630
2880 92 69
2881 1443 7
2882 1526 823
2883 2036 1161
2884 52 5
2885 304 170
2886 119 84
2887 507 5
2888 575 5
2889 931 551
2890 290 173
2891 2040 1159
2892 1740 80
2893 53 5
2894 502 278
2895 1407 775
2896 1691 952
2897 1290 8
2898 1418 25
2899 289 170
2900 1269 719
2901 431 4
2902 1385 776
2903 1586 877
2904 1829 1095
2905 528 319
2906 70 5
2907 1571 863
2908 895 24
2909 209 123
2910 640 361
2911 293 172
2912 1429 786
2913 1238 704
2914 1352 81
2915 759 421
2916 2036 1159
2917 15 34
2918 512 286
2919 1167 4
2920 297 170
2921 696 25
2922 719 256
2923 1678 951
2924 510 285
2925 148 99
2926 113 1
2927 835 5
2928 319 183
2929 188 111
2930 310 170
2931 1333 37
2932 1248 25
2933 1608 882
2934 475 235
2935 1822 648
2936 893 6
2937 1195 702
2938 123 80
2939 1573 861
2940 1317 40
2941 97 41
2942 98 84
2943 1092 4
2944 0 5
2945 1766 40
2946 246 7
2947 514 286
2948 1843 1092
2949 445 224
2950 720 401
2951 1393 776
2952 1146 7
2953 1333 25
2954 374 203
2955 1530 843
2956 1296 721
2957 798 6
2958 1195 701
2959 1836 1092
2960 307 173
2961 55 57
2962 1433 786
2963 40 51
2964 1814 1052
2965 2033 13
2966 642 353
2967 948 559
2968 1794 1033
2969 1269 712
2970 1173 669
2971 25 45
2972 919 540
2973 1888 1101
2974 1270 719
2975 1821 4
2976 611 338
2977 484 249
2978 1111 644
2979 524 278
2980 879 498
2981 1263 714
2982 1171 549
2983 436 224
2984 1409 776
2985 1581 863
2986 1998 1141
2987 124 93
2988 1916 1118
2989 189 122
2990 464 234
2991 858 7
2992 363 5
2993 305 170
2994 1789 973
2995 1196 705
2996 484 252
2997 749 25
2998 228 137
2999 59 57
3000 781 435
3001 511 287
3002 122 5
3003 465 7
3004 1350 6
3005 334 186
3006 1114 619
3007 985 5
3008 1824 26
3009 1015 613
3010 1401 9
3011 1823 972
3012 285 4
3013 161 6
3014 435 12
3015 1902 198
3016 938 555
3017 603 333
3018 1051 4
3019 801 438
3020 1686 952
3021 1735 971
3022 1637 911
3023 455 226
3024 144 97
3025 1487 804
3026 1521 4
3027 242 137
3028 1990 23
3029 1758 981
3030 1635 896
3031 868 498
3032 1448 793
3033 1784 38
3034 1093 25
3035 1632 904
3036 1735 970
3037 721 403
3038 1656 7
3039 855 4
3040 1258 719
3041 1381 775
3042 637 7
3043 1110 646
3044 1672 941
3045 51 51
3046 1367 8
3047 345 6
3048 1024 536
3049 188 119
3050 248 23
3051 1531 825
3052 335 2
3053 466 190
3054 1954 1139
3055 1745 973
3056 763 425
3057 1281 712
3058 1094 642
3059 1680 940
3060 894 7
3061 808 441
3062 858 37
3063 814 7
3064 4 14
3065 726 407
3066 1093 38
3067 1698 957
3068 2011 83
3069 1768 986
3070 1693 957
3071 1463 799
3072 1744 982
3073 989 577
3074 673 377
3075 1449 794
3076 1116 654
3077 1458 82
3078 864 503
3079 1722 26
3080 1289 4
3081 1486 807
3082 1291 6
3083 801 441
3084 1244 38
3085 1184 685
3086 723 6
3087 1703 5
3088 1560 26
3089 364 41
3090 434 224
3091 450 38
3092 1907 1118
3093 1321 743
3094 1178 673
3095 1764 5
3096 891 513
3097 1857 1103
3098 1457 6
3099 992 598
3100 1243 711
3101 1792 1022
3102 680 356
3103 827 481
3104 674 5
3105 1798 1044
3106 1475 802
3107 1251 713
3108 1911 1109
3109 1356 8
3110 1194 704
3111 1948 1139
3112 889 521
3113 1635 894
3114 770 429
3115 1819 1082
3116 1198 704
3117 345 23
3118 1746 978
3119 1828 1092
3120 793 437
3121 1676 943
3122 535 237
3123 1419 782
3124 1783 5
3125 1172 549
3126 1126 644
3127 226 5
3128 1129 644
3129 1569 863
3130 1826 1095
3131 1666 6
3132 1583 7
3133 1179 9
3134 394 40
3135 428 218
3136 991 577
3137 1711 39
3138 1449 795
3139 888 521
3140 634 4
3141 164 23
3142 1247 39
3143 1956 1108
3144 1509 815
3145 1323 1
3146 509 41
3147 210 123
3148 1847 1092
3149 1875 7
3150 683 385
3151 1585 4
3152 797 438
3153 86 69
3154 622 338
3155 1201 9
3156 910 532
3157 1734 972
3158 1074 6
3159 127 94
3160 144 7
3161 734 417
3162 306 170
3163 14 12
3164 482 5
3165 882 517
3166 875 41
3167 1703 960
3168 2004 5
3169 1791 1024
3170 661 362
3171 199 121
3172 1167 537
3173 1814 1061
3174 2038 1159
3175 485 258
3176 1319 739
3177 688 385
3178 223 40
3179 1665 898
3180 335 1
3181 1250 708
3182 673 380
3183 73 58
3184 1738 978
3185 1166 6
3186 316 179
3187 1259 715
3188 1051 6
3189 2022 12
3190 223 5
3191 48 51
3192 1250 712
3193 1623 889
3194 168 110
3195 1184 67
3196 430 223
3197 876 38
3198 1167 24
3199 1687 6
3200 868 515
3201 1831 1095
3202 1729 969
3203 1873 1103
3204 1689 956
3205 1732 970
3206 926 544
3207 1576 862
3208 1 7
3209 286 176
3210 181 108
3211 1952 1129
3212 806 441
3213 153 99
3214 76 70
3215 95 74
3216 314 5
3217 1687 5
3218 1359 753
3219 1001 9
3220 770 430
3221 329 25
3222 240 144
3223 1527 843
3224 898 528
3225 1845 1098
3226 1602 882
3227 1511 818
3228 762 423
3229 1272 713
3230 121 7
3231 647 360
3232 1473 802
3233 682 383
3234 1670 934
3235 100 72
3236 893 7
3237 1270 712
3238 1403 776
3239 1151 664
3240 911 7
3241 1147 657
3242 598 334
3243 696 23
3244 930 546
3245 810 441
3246 798 5
3247 50 51
3248 581 328
3249 1264 713
3250 118 84
3251 104 75
3252 233 139
3253 496 276
3254 1336 747
3255 1843 1095
3256 912 26
3257 469 4
3258 1423 9
3259 1811 972
3260 1482 804
3261 1384 776
3262 222 25
3263 400 215
3264 959 573
3265 1951 1127
3266 1563 862
3267 366 199
3268 676 7
3269 953 564
3270 1655 910
3271 1844 1092
3272 1261 719
3273 1590 877
3274 1354 748
3275 1690 957
3276 881 522
3277 985 590
3278 500 257
3279 1740 197
3280 1815 1051
3281 1668 5
3282 232 138
3283 531 320
3284 1575 863
3285 721 4
3286 508 6
3287 879 516
3288 723 320
3289 248 24
3290 1296 733
3291 2011 4
3292 2017 41
3293 483 7
3294 576 41
3295 902 516
3296 1562 6
3297 72 61
3298 430 222
3299 1665 894
3300 796 435
3301 451 229
3302 75 71
3303 1418 23
3304 1876 23
3305 1675 935
3306 168 108
3307 223 135
3308 371 203
3309 394 213
3310 296 170
3311 946 502
3312 1638 910
3313 364 38
3314 219 4
3315 1877 1101
3316 20 23
3317 493 257
3318 1254 709
3319 1723 25
3320 1194 706
3321 2000 7
3322 792 436
3323 1154 661
3324 1179 8
3325 425 218
3326 1771 983
3327 184 24
3328 1302 734
3329 39 48
3330 1363 775
3331 1531 826
3332 284 167
3333 1646 920
3334 934 24
3335 1519 821
3336 89 70
3337 467 236
3338 1667 6
3339 902 513
3340 618 341
3341 677 384
3342 1312 3
3343 249 153
3344 1246 719
3345 1788 1012
3346 1951 1126
3347 1015 617
3348 1861 1103
3349 418 220
3350 716 397
3351 1379 8
3352 641 360
3353 1073 6
3354 1178 672
3355 1743 977
3356 984 6
3357 1252 713
3358 1946 1137
3359 987 598
3360 1723 265
3361 656 4
3362 39 51
3363 1671 934
3364 149 100
3365 1212 8
3366 1606 881
3367 1725 7
3368 601 335
3369 1649 909
3370 163 105
3371 1184 676
3372 1896 1110
3373 1822 26
3374 1657 910
3375 237 137
3376 1166 5
3377 335 189
3378 621 343
3379 725 404
3380 1635 895
3381 1252 714
3382 932 553
3383 1851 38
3384 60 54
3385 1420 6
3386 1416 776
3387 1257 713
3388 598 336
3389 312 4
3390 1510 815
3391 786 433
3392 1889 1108
3393 464 6
3394 789 437
3395 1068 619
3396 1482 7
3397 1442 6
3398 934 23
3399 7 31
3400 1353 748
3401 1899 4
3402 1565 846
3403 2 11
3404 816 475
3405 1795 1034
3406 1168 8
3407 1303 736
3408 253 151
3409 221 40
3410 1140 644
3411 1985 1139
3412 1482 806
3413 245 5
3414 902 515
3415 888 520
3416 293 174
3417 312 5
3418 1851 7
3419 1587 876
